camera_x camera_y camera_z lookat_x lookat_y lookat_z sky_x sky_y sky_z fidx
     -2574.2319     55747.3828     553.6758     -2574.2319     1.0000     0.0000     0.0000     -0.0000     1.0000     92
     -2574.0259     55700.7109     553.6758     -2574.0259     1.0000     0.0000     0.0000     -0.0000     1.0000     92
     -2573.4133     55654.0391     553.6758     -2573.4133     1.0000     0.0000     0.0000     -0.0000     1.0000     92
     -2572.4023     55607.3672     553.6758     -2572.4023     1.0000     0.0000     0.0000     -0.0000     1.0000     92
     -2571.0012     55560.6992     553.6758     -2571.0012     1.0000     0.0000     0.0000     -0.0000     1.0000     92
     -2569.2188     55514.0273     553.6758     -2569.2188     1.0000     0.0000     0.0000     -0.0000     1.0000     92
     -2567.0627     55467.3555     553.6758     -2567.0627     1.0000     0.0000     -0.0000     -0.0000     1.0000     92
     -2564.5415     55420.6836     553.6758     -2564.5415     1.0000     0.0000     0.0000     0.0000     1.0000     92
     -2561.6636     55374.0117     553.6758     -2561.6636     1.0000     0.0000     0.0000     -0.0000     -1.0000     92
     -2558.4370     55327.3398     553.6758     -2558.4370     1.0000     0.0000     0.0000     -0.0000     1.0000     92
     -2554.8704     55280.6680     553.6758     -2554.8704     1.0000     0.0000     0.0000     -0.0000     1.0000     92
     -2550.9717     55234.0000     553.6758     -2550.9717     1.0000     0.0000     0.0000     -0.0000     1.0000     92
     -2546.7495     55187.3281     553.6758     -2546.7495     1.0000     0.0000     0.0000     -0.0000     1.0000     92
     -2542.2122     55140.6562     553.6758     -2542.2122     1.0000     0.0000     0.0000     -0.0000     1.0000     92
     -2537.3674     55093.9844     553.6758     -2537.3674     1.0000     0.0000     0.0000     -0.0000     1.0000     92
     -2532.2244     55047.3125     553.6758     -2532.2244     1.0000     0.0000     0.0000     -0.0000     1.0000     92
     -2526.7905     55000.6406     553.6758     -2526.7905     1.0000     0.0000     0.0000     -0.0000     1.0000     92
     -2521.0747     54953.9688     553.6758     -2521.0747     1.0000     0.0000     0.0000     -0.0000     1.0000     92
     -2515.0852     54907.3008     553.6758     -2515.0852     1.0000     0.0000     0.0000     -0.0000     1.0000     92
     -2508.8301     54860.6289     553.6758     -2508.8301     1.0000     0.0000     0.0000     -0.0000     1.0000     92
     -2502.3176     54813.9570     553.6758     -2502.3176     1.0000     0.0000     0.0000     -0.0000     1.0000     92
     -2495.5562     54767.2852     553.6758     -2495.5562     1.0000     0.0000     0.0000     -0.0000     1.0000     92
     -2488.5542     54720.6133     553.6758     -2488.5542     1.0000     0.0000     0.0000     -0.0000     1.0000     92
     -2481.3201     54673.9414     553.6758     -2481.3201     1.0000     0.0000     0.0000     -0.0000     1.0000     92
     -2473.8616     54627.2734     553.6758     -2473.8616     1.0000     0.0000     0.0000     -0.0000     1.0000     92
     -2466.1875     54580.6016     553.6758     -2466.1875     1.0000     0.0000     0.0000     -0.0000     1.0000     92
     -2458.3062     54533.9297     553.6758     -2458.3062     1.0000     0.0000     0.0000     -0.0000     1.0000     92
     -2450.2253     54487.2578     553.6758     -2450.2253     1.0000     0.0000     0.0000     -0.0000     1.0000     92
     -2441.9539     54440.5859     553.6758     -2441.9539     1.0000     0.0000     0.0000     -0.0000     1.0000     92
     -2433.4998     54393.9141     553.6758     -2433.4998     1.0000     0.0000     0.0000     -0.0000     1.0000     92
     -2424.8716     54347.2422     553.6758     -2424.8716     1.0000     0.0000     0.0000     -0.0000     1.0000     92
     -2416.0771     54300.5742     553.6758     -2416.0771     1.0000     0.0000     0.0000     -0.0000     1.0000     92
     -2407.1252     54253.9023     553.6758     -2407.1252     1.0000     0.0000     0.0000     -0.0000     1.0000     92
     -2398.0239     54207.2305     553.6758     -2398.0239     1.0000     0.0000     0.0000     -0.0000     1.0000     92
     -2388.7815     54160.5586     553.6758     -2388.7815     1.0000     0.0000     0.0000     -0.0000     1.0000     92
     -2379.4065     54113.8867     553.6758     -2379.4065     1.0000     0.0000     0.0000     -0.0000     1.0000     92
     -2369.9067     54067.2148     553.6758     -2369.9067     1.0000     0.0000     0.0000     -0.0000     1.0000     92
     -2360.2910     54020.5469     553.6758     -2360.2910     1.0000     0.0000     0.0000     -0.0000     1.0000     92
     -2350.5674     53973.8750     553.6758     -2350.5674     1.0000     0.0000     0.0000     -0.0000     1.0000     92
     -2340.7441     53927.2031     553.6758     -2340.7441     1.0000     0.0000     0.0000     -0.0000     1.0000     92
     -2330.8298     53880.5312     553.6758     -2330.8298     1.0000     0.0000     0.0000     -0.0000     1.0000     92
     -2320.8323     53833.8594     553.6758     -2320.8323     1.0000     0.0000     0.0000     -0.0000     1.0000     92
     -2310.7603     53787.1875     553.6758     -2310.7603     1.0000     0.0000     0.0000     -0.0000     1.0000     92
     -2300.6216     53740.5195     553.6758     -2300.6216     1.0000     0.0000     0.0000     -0.0000     1.0000     92
     -2290.4250     53693.8477     553.6758     -2290.4250     1.0000     0.0000     0.0000     -0.0000     1.0000     92
     -2280.1787     53647.1758     553.6758     -2280.1787     1.0000     0.0000     0.0000     -0.0000     1.0000     92
     -2269.8906     53600.5039     553.6758     -2269.8906     1.0000     0.0000     0.0000     -0.0000     1.0000     92
     -2259.5696     53553.8320     553.6758     -2259.5696     1.0000     0.0000     0.0000     -0.0000     1.0000     92
     -2249.2236     53507.1602     553.6758     -2249.2236     1.0000     0.0000     0.0000     -0.0000     1.0000     92
     -2238.8611     53460.4922     553.6758     -2238.8611     1.0000     0.0000     0.0000     -0.0000     1.0000     92
     -2228.4902     53413.8203     553.6758     -2228.4902     1.0000     0.0000     0.0000     -0.0000     1.0000     92
     -2218.1194     53367.1484     553.6758     -2218.1194     1.0000     0.0000     0.0000     -0.0000     1.0000     92
     -2207.7568     53320.4766     553.6758     -2207.7568     1.0000     0.0000     0.0000     -0.0000     1.0000     92
     -2197.4109     53273.8047     553.6758     -2197.4109     1.0000     0.0000     0.0000     -0.0000     1.0000     92
     -2187.0898     53227.1328     553.6758     -2187.0898     1.0000     0.0000     0.0000     -0.0000     1.0000     92
     -2176.8018     53180.4609     553.6758     -2176.8018     1.0000     0.0000     0.0000     -0.0000     1.0000     92
     -2166.5554     53133.7930     553.6758     -2166.5554     1.0000     0.0000     0.0000     -0.0000     1.0000     92
     -2156.3589     53087.1211     553.6758     -2156.3589     1.0000     0.0000     0.0000     -0.0000     1.0000     92
     -2146.2202     53040.4492     553.6758     -2146.2202     1.0000     0.0000     0.0000     -0.0000     1.0000     92
     -2136.1482     52993.7773     553.6758     -2136.1482     1.0000     0.0000     0.0000     -0.0000     1.0000     92
     -2126.1506     52947.1055     553.6758     -2126.1506     1.0000     0.0000     0.0000     -0.0000     1.0000     92
     -2116.2361     52900.4336     553.6758     -2116.2361     1.0000     0.0000     0.0000     -0.0000     1.0000     92
     -2106.4131     52853.7656     553.6758     -2106.4131     1.0000     0.0000     0.0000     -0.0000     1.0000     92
     -2096.6895     52807.0938     553.6758     -2096.6895     1.0000     0.0000     0.0000     -0.0000     1.0000     92
     -2087.0735     52760.4219     553.6758     -2087.0735     1.0000     0.0000     0.0000     -0.0000     1.0000     92
     -2077.5740     52713.7500     553.6758     -2077.5740     1.0000     0.0000     0.0000     -0.0000     1.0000     92
     -2068.1990     52667.0781     553.6758     -2068.1990     1.0000     0.0000     0.0000     -0.0000     1.0000     92
     -2058.9565     52620.4062     553.6758     -2058.9565     1.0000     0.0000     0.0000     -0.0000     1.0000     92
     -2049.8550     52573.7344     553.6758     -2049.8550     1.0000     0.0000     0.0000     -0.0000     1.0000     92
     -2040.9032     52527.0664     553.6758     -2040.9032     1.0000     0.0000     0.0000     -0.0000     1.0000     92
     -2032.1089     52480.3945     553.6758     -2032.1089     1.0000     0.0000     0.0000     -0.0000     1.0000     92
     -2023.4806     52433.7227     553.6758     -2023.4806     1.0000     0.0000     0.0000     -0.0000     1.0000     92
     -2015.0265     52387.0508     553.6758     -2015.0265     1.0000     0.0000     0.0000     -0.0000     1.0000     92
     -2006.7549     52340.3789     553.6758     -2006.7549     1.0000     0.0000     0.0000     -0.0000     1.0000     92
     -1998.6743     52293.7070     553.6758     -1998.6743     1.0000     0.0000     0.0000     -0.0000     1.0000     92
     -1990.7927     52247.0391     553.6758     -1990.7927     1.0000     0.0000     0.0000     -0.0000     1.0000     92
     -1983.1187     52200.3672     553.6758     -1983.1187     1.0000     0.0000     0.0000     -0.0000     1.0000     92
     -1975.6602     52153.6953     553.6758     -1975.6602     1.0000     0.0000     0.0000     -0.0000     1.0000     92
     -1968.4260     52107.0234     553.6758     -1968.4260     1.0000     0.0000     0.0000     -0.0000     1.0000     92
     -1961.4241     52060.3516     553.6758     -1961.4241     1.0000     0.0000     0.0000     -0.0000     1.0000     92
     -1954.6626     52013.6797     553.6758     -1954.6626     1.0000     0.0000     0.0000     -0.0000     1.0000     92
     -1948.1501     51967.0078     553.6758     -1948.1501     1.0000     0.0000     0.0000     -0.0000     1.0000     92
     -1941.8950     51920.3398     553.6758     -1941.8950     1.0000     0.0000     0.0000     -0.0000     1.0000     92
     -1935.9054     51873.6680     553.6758     -1935.9054     1.0000     0.0000     0.0000     -0.0000     1.0000     92
     -1930.1895     51826.9961     553.6758     -1930.1895     1.0000     0.0000     0.0000     -0.0000     1.0000     92
     -1924.7559     51780.3242     553.6758     -1924.7559     1.0000     0.0000     0.0000     -0.0000     1.0000     92
     -1919.6125     51733.6523     553.6758     -1919.6125     1.0000     0.0000     0.0000     -0.0000     1.0000     92
     -1914.7681     51686.9805     553.6758     -1914.7681     1.0000     0.0000     0.0000     -0.0000     1.0000     92
     -1910.2307     51640.3125     553.6758     -1910.2307     1.0000     0.0000     0.0000     -0.0000     1.0000     92
     -1906.0083     51593.6406     553.6758     -1906.0083     1.0000     0.0000     0.0000     -0.0000     1.0000     92
     -1902.1096     51546.9688     553.6758     -1902.1096     1.0000     0.0000     0.0000     -0.0000     1.0000     92
     -1898.5430     51500.2969     553.6758     -1898.5430     1.0000     0.0000     0.0000     -0.0000     1.0000     92
     -1895.3165     51453.6250     553.6758     -1895.3165     1.0000     0.0000     0.0000     -0.0000     1.0000     92
     -1892.4387     51406.9531     553.6758     -1892.4387     1.0000     0.0000     0.0000     -0.0000     1.0000     92
     -1889.9174     51360.2812     553.6758     -1889.9174     1.0000     0.0000     0.0000     -0.0000     1.0000     92
     -1887.7614     51313.6133     553.6758     -1887.7614     1.0000     0.0000     0.0000     -0.0000     1.0000     92
     -1885.9786     51266.9414     553.6758     -1885.9786     1.0000     0.0000     0.0000     -0.0000     1.0000     92
     -1884.5778     51220.2695     553.6758     -1884.5778     1.0000     0.0000     0.0000     -0.0000     1.0000     92
     -1883.5668     51173.5977     553.6758     -1883.5668     1.0000     0.0000     0.0000     -0.0000     1.0000     92
     -1882.9540     51126.9258     553.6758     -1882.9540     1.0000     0.0000     0.0000     -0.0000     1.0000     92
     -1882.7479     51080.2578     553.6758     -1882.7479     1.0000     0.0000     0.0000     -0.0000     1.0000     92
     -1882.9567     51033.5859     553.6758     -1882.9567     1.0000     0.0000     0.0000     -0.0000     1.0000     92
     -1883.5889     50986.9141     553.6758     -1883.5889     1.0000     0.0000     0.0000     -0.0000     1.0000     92
     -1884.6521     50940.2422     553.6758     -1884.6521     1.0000     0.0000     0.0000     -0.0000     1.0000     92
     -1886.1555     50893.5703     553.6758     -1886.1555     1.0000     0.0000     0.0000     -0.0000     1.0000     92
     -1888.1067     50846.8984     553.6758     -1888.1067     1.0000     0.0000     0.0000     -0.0000     1.0000     92
     -1890.5144     50800.2266     553.6758     -1890.5144     1.0000     0.0000     0.0000     -0.0000     1.0000     92
     -1893.3868     50753.5586     553.6758     -1893.3868     1.0000     0.0000     0.0000     -0.0000     1.0000     92
     -1896.7322     50706.8867     553.6758     -1896.7322     1.0000     0.0000     0.0000     -0.0000     1.0000     92
     -1900.5591     50660.2148     553.6758     -1900.5591     1.0000     0.0000     0.0000     -0.0000     1.0000     92
     -1904.8751     50613.5430     553.6758     -1904.8751     1.0000     0.0000     0.0000     -0.0000     1.0000     92
     -1909.6895     50566.8711     553.6758     -1909.6895     1.0000     0.0000     0.0000     -0.0000     1.0000     92
     -1915.0094     50520.1992     553.6758     -1915.0094     1.0000     0.0000     0.0000     -0.0000     1.0000     92
     -1920.8441     50473.5312     553.6758     -1920.8441     1.0000     0.0000     0.0000     -0.0000     1.0000     92
     -1927.2017     50426.8594     553.6758     -1927.2017     1.0000     0.0000     0.0000     -0.0000     1.0000     92
     -1934.0901     50380.1875     553.6758     -1934.0901     1.0000     0.0000     0.0000     -0.0000     1.0000     92
     -1941.5181     50333.5156     553.6758     -1941.5181     1.0000     0.0000     0.0000     -0.0000     1.0000     92
     -1949.4937     50286.8438     553.6758     -1949.4937     1.0000     0.0000     0.0000     -0.0000     1.0000     92
     -1958.0249     50240.1719     553.6758     -1958.0249     1.0000     0.0000     0.0000     -0.0000     1.0000     92
     -1967.1208     50193.5000     553.6758     -1967.1208     1.0000     0.0000     0.0000     -0.0000     1.0000     92
     -1976.7891     50146.8320     553.6758     -1976.7891     1.0000     0.0000     0.0000     -0.0000     1.0000     92
     -1987.0381     50100.1602     553.6758     -1987.0381     1.0000     0.0000     0.0000     -0.0000     1.0000     92
     -1997.8765     50053.4883     553.6758     -1997.8765     1.0000     0.0000     0.0000     -0.0000     1.0000     92
     -2009.3120     50006.8164     553.6758     -2009.3120     1.0000     0.0000     0.0000     -0.0000     1.0000     92
     -2021.3535     49960.1445     553.6758     -2021.3535     1.0000     0.0000     0.0000     -0.0000     1.0000     92
     -2034.0088     49913.4727     553.6758     -2034.0088     1.0000     0.0000     0.0000     -0.0000     1.0000     92
     -2047.2869     49866.8047     553.6758     -2047.2869     1.0000     0.0000     0.0000     -0.0000     1.0000     92
     -2061.1951     49820.1328     553.6758     -2061.1951     1.0000     0.0000     0.0000     -0.0000     1.0000     92
     -2075.7424     49773.4609     553.6758     -2075.7424     1.0000     0.0000     0.0000     -0.0000     1.0000     92
     -2090.9373     49726.7891     553.6758     -2090.9373     1.0000     0.0000     0.0000     -0.0000     1.0000     92
     -2106.7874     49680.1172     553.6758     -2106.7874     1.0000     0.0000     0.0000     -0.0000     1.0000     92
     -2123.3013     49633.4453     553.6758     -2123.3013     1.0000     0.0000     0.0000     -0.0000     1.0000     92
     -2140.4873     49586.7734     553.6758     -2140.4873     1.0000     0.0000     0.0000     -0.0000     1.0000     92
     -2158.3538     49540.1055     553.6758     -2158.3538     1.0000     0.0000     0.0000     -0.0000     1.0000     92
     -2176.9089     49493.4336     553.6758     -2176.9089     1.0000     0.0000     0.0000     -0.0000     1.0000     92
     -2196.1609     49446.7617     553.6758     -2196.1609     1.0000     0.0000     0.0000     -0.0000     1.0000     92
     -2216.1187     49400.0898     553.6758     -2216.1187     1.0000     0.0000     0.0000     -0.0000     1.0000     92
     -2236.7896     49353.4180     553.6758     -2236.7896     1.0000     0.0000     0.0000     -0.0000     1.0000     92
     -2258.1829     49306.7500     553.6758     -2258.1829     1.0000     0.0000     0.0000     -0.0000     1.0000     92
     -2280.3062     49260.0781     553.6758     -2280.3062     1.0000     0.0000     0.0000     -0.0000     1.0000     92
     -2303.1677     49213.4062     553.6758     -2303.1677     1.0000     0.0000     0.0000     -0.0000     1.0000     92
     -2326.7761     49166.7344     553.6758     -2326.7761     1.0000     0.0000     0.0000     -0.0000     1.0000     92
     -2351.1396     49120.0625     553.6758     -2351.1396     1.0000     0.0000     0.0000     -0.0000     1.0000     92
     -2376.2668     49073.3906     553.6758     -2376.2668     1.0000     0.0000     0.0000     -0.0000     1.0000     92
     -2402.1660     49026.7188     553.6758     -2402.1660     1.0000     0.0000     0.0000     -0.0000     1.0000     92
     -2428.8442     48980.0508     553.6758     -2428.8442     1.0000     0.0000     0.0000     -0.0000     1.0000     92
     -2456.3115     48933.3789     553.6758     -2456.3115     1.0000     0.0000     0.0000     -0.0000     1.0000     92
     -2484.5752     48886.7070     553.6758     -2484.5752     1.0000     0.0000     0.0000     -0.0000     1.0000     92
     -2513.6436     48840.0352     553.6758     -2513.6436     1.0000     0.0000     0.0000     -0.0000     1.0000     92
     -2543.5254     48793.3633     553.6758     -2543.5254     1.0000     0.0000     0.0000     -0.0000     1.0000     92
     -2574.2285     48746.6914     553.6758     -2574.2285     1.0000     0.0000     0.0000     -0.0000     1.0000     92
     -2574.2319     48746.6875     553.6758     -2574.2319     1.0000     0.0000     0.0000     -0.0000     1.0000     92
     -2605.3486     48700.7969     553.6758     -2605.3486     1.0000     0.0000     0.0000     -0.0000     1.0000     92
     -2636.4656     48656.4609     553.6758     -2636.4656     1.0000     0.0000     0.0000     -0.0000     1.0000     92
     -2667.5823     48613.6562     553.6758     -2667.5823     1.0000     0.0000     0.0000     -0.0000     1.0000     92
     -2698.6990     48572.3633     553.6758     -2698.6990     1.0000     0.0000     0.0000     -0.0000     1.0000     92
     -2729.8159     48532.5664     553.6758     -2729.8159     1.0000     0.0000     0.0000     -0.0000     1.0000     92
     -2760.9326     48494.2461     553.6758     -2760.9326     1.0000     0.0000     0.0000     -0.0000     1.0000     92
     -2792.0493     48457.3828     553.6758     -2792.0493     1.0000     0.0000     0.0000     -0.0000     1.0000     92
     -2823.1663     48421.9531     553.6758     -2823.1663     1.0000     0.0000     0.0000     -0.0000     1.0000     92
     -2854.2830     48387.9453     553.6758     -2854.2830     1.0000     0.0000     0.0000     -0.0000     1.0000     92
     -2885.3997     48355.3398     553.6758     -2885.3997     1.0000     0.0000     0.0000     -0.0000     1.0000     92
     -2916.5166     48324.1133     553.6758     -2916.5166     1.0000     0.0000     0.0000     -0.0000     1.0000     92
     -2947.6333     48294.2461     553.6758     -2947.6333     1.0000     0.0000     0.0000     -0.0000     1.0000     92
     -2978.7500     48265.7227     553.6758     -2978.7500     1.0000     0.0000     0.0000     -0.0000     1.0000     92
     -3009.8669     48238.5273     553.6758     -3009.8669     1.0000     0.0000     0.0000     -0.0000     1.0000     92
     -3040.9836     48212.6328     553.6758     -3040.9836     1.0000     0.0000     0.0000     -0.0000     1.0000     92
     -3072.1003     48188.0234     553.6758     -3072.1003     1.0000     0.0000     0.0000     -0.0000     1.0000     92
     -3103.2173     48164.6836     553.6758     -3103.2173     1.0000     0.0000     0.0000     -0.0000     1.0000     92
     -3134.3340     48142.5938     553.6758     -3134.3340     1.0000     0.0000     0.0000     -0.0000     1.0000     92
     -3165.4507     48121.7305     553.6758     -3165.4507     1.0000     0.0000     0.0000     -0.0000     1.0000     92
     -3196.5674     48102.0781     553.6758     -3196.5674     1.0000     0.0000     0.0000     -0.0000     1.0000     92
     -3227.6843     48083.6133     553.6758     -3227.6843     1.0000     0.0000     0.0000     -0.0000     1.0000     92
     -3258.8010     48066.3242     553.6758     -3258.8010     1.0000     0.0000     0.0000     -0.0000     1.0000     92
     -3289.9177     48050.1875     553.6758     -3289.9177     1.0000     0.0000     0.0000     -0.0000     1.0000     92
     -3321.0344     48035.1875     553.6758     -3321.0344     1.0000     0.0000     0.0000     -0.0000     1.0000     92
     -3352.1514     48021.3008     553.6758     -3352.1514     1.0000     0.0000     0.0000     -0.0000     1.0000     92
     -3383.2681     48008.5117     553.6758     -3383.2681     1.0000     0.0000     0.0000     -0.0000     1.0000     92
     -3414.3848     47996.7969     553.6758     -3414.3848     1.0000     0.0000     0.0000     -0.0000     1.0000     92
     -3445.5015     47986.1445     553.6758     -3445.5015     1.0000     0.0000     0.0000     -0.0000     1.0000     92
     -3476.6182     47976.5273     553.6758     -3476.6182     1.0000     0.0000     0.0000     -0.0000     1.0000     92
     -3507.7349     47967.9336     553.6758     -3507.7349     1.0000     0.0000     0.0000     -0.0000     1.0000     92
     -3538.8518     47960.3438     553.6758     -3538.8518     1.0000     0.0000     0.0000     -0.0000     1.0000     92
     -3569.9685     47953.7344     553.6758     -3569.9685     1.0000     0.0000     0.0000     -0.0000     1.0000     92
     -3601.0852     47948.0859     553.6758     -3601.0852     1.0000     0.0000     0.0000     -0.0000     1.0000     92
     -3632.2021     47943.3828     553.6758     -3632.2021     1.0000     0.0000     0.0000     -0.0000     1.0000     92
     -3663.3188     47939.6094     553.6758     -3663.3188     1.0000     0.0000     0.0000     -0.0000     1.0000     92
     -3694.4355     47936.7383     553.6758     -3694.4355     1.0000     0.0000     0.0000     -0.0000     1.0000     92
     -3725.5522     47934.7578     553.6758     -3725.5522     1.0000     0.0000     0.0000     -0.0000     1.0000     92
     -3756.6689     47933.6445     553.6758     -3756.6689     1.0000     0.0000     0.0000     -0.0000     1.0000     92
     -3787.7856     47933.3828     553.6758     -3787.7856     1.0000     0.0000     0.0000     -0.0000     1.0000     92
     -3818.9026     47933.9492     553.6758     -3818.9026     1.0000     0.0000     0.0000     -0.0000     1.0000     92
     -3850.0193     47935.3320     553.6758     -3850.0193     1.0000     0.0000     0.0000     -0.0000     1.0000     92
     -3881.1360     47937.5039     553.6758     -3881.1360     1.0000     0.0000     0.0000     -0.0000     1.0000     92
     -3912.2529     47940.4531     553.6758     -3912.2529     1.0000     0.0000     0.0000     -0.0000     1.0000     92
     -3943.3696     47944.1523     553.6758     -3943.3696     1.0000     0.0000     0.0000     -0.0000     1.0000     92
     -3974.4863     47948.5898     553.6758     -3974.4863     1.0000     0.0000     0.0000     -0.0000     1.0000     92
     -4005.6030     47953.7461     553.6758     -4005.6030     1.0000     0.0000     0.0000     -0.0000     1.0000     92
     -4036.7197     47959.6016     553.6758     -4036.7197     1.0000     0.0000     0.0000     -0.0000     1.0000     92
     -4067.8364     47966.1328     553.6758     -4067.8364     1.0000     0.0000     0.0000     -0.0000     1.0000     92
     -4098.9531     47973.3242     553.6758     -4098.9531     1.0000     0.0000     0.0000     -0.0000     1.0000     92
     -4130.0703     47981.1602     553.6758     -4130.0703     1.0000     0.0000     0.0000     -0.0000     1.0000     92
     -4161.1865     47989.6172     553.6758     -4161.1865     1.0000     0.0000     0.0000     -0.0000     1.0000     92
     -4192.3037     47998.6758     553.6758     -4192.3037     1.0000     0.0000     0.0000     -0.0000     1.0000     92
     -4223.4204     48008.3203     553.6758     -4223.4204     1.0000     0.0000     0.0000     -0.0000     1.0000     92
     -4254.5371     48018.5273     553.6758     -4254.5371     1.0000     0.0000     0.0000     -0.0000     1.0000     92
     -4285.6538     48029.2852     553.6758     -4285.6538     1.0000     0.0000     0.0000     -0.0000     1.0000     92
     -4316.7705     48040.5664     553.6758     -4316.7705     1.0000     0.0000     0.0000     -0.0000     1.0000     92
     -4347.8872     48052.3594     553.6758     -4347.8872     1.0000     0.0000     0.0000     -0.0000     1.0000     92
     -4379.0039     48064.6406     553.6758     -4379.0039     1.0000     0.0000     0.0000     -0.0000     1.0000     92
     -4410.1206     48077.3945     553.6758     -4410.1206     1.0000     0.0000     0.0000     -0.0000     1.0000     92
     -4441.2373     48090.5977     553.6758     -4441.2373     1.0000     0.0000     0.0000     -0.0000     1.0000     92
     -4472.3545     48104.2344     553.6758     -4472.3545     1.0000     0.0000     0.0000     -0.0000     1.0000     92
     -4503.4707     48118.2812     553.6758     -4503.4707     1.0000     0.0000     0.0000     -0.0000     1.0000     92
     -4534.5879     48132.7266     553.6758     -4534.5879     1.0000     0.0000     0.0000     -0.0000     1.0000     92
     -4565.7046     48147.5469     553.6758     -4565.7046     1.0000     0.0000     0.0000     -0.0000     1.0000     92
     -4596.8213     48162.7227     553.6758     -4596.8213     1.0000     0.0000     0.0000     -0.0000     1.0000     92
     -4627.9380     48178.2383     553.6758     -4627.9380     1.0000     0.0000     0.0000     -0.0000     1.0000     92
     -4659.0547     48194.0742     553.6758     -4659.0547     1.0000     0.0000     0.0000     -0.0000     1.0000     92
     -4690.1714     48210.2070     553.6758     -4690.1714     1.0000     0.0000     0.0000     -0.0000     1.0000     92
     -4721.2881     48226.6211     553.6758     -4721.2881     1.0000     0.0000     0.0000     -0.0000     1.0000     92
     -4752.4053     48243.2969     553.6758     -4752.4053     1.0000     0.0000     0.0000     -0.0000     1.0000     92
     -4783.5215     48260.2188     553.6758     -4783.5215     1.0000     0.0000     0.0000     -0.0000     1.0000     92
     -4814.6387     48277.3594     553.6758     -4814.6387     1.0000     0.0000     0.0000     -0.0000     1.0000     92
     -4845.7549     48294.7070     553.6758     -4845.7549     1.0000     0.0000     0.0000     -0.0000     1.0000     92
     -4876.8721     48312.2422     553.6758     -4876.8721     1.0000     0.0000     0.0000     -0.0000     1.0000     92
     -4907.9888     48329.9453     553.6758     -4907.9888     1.0000     0.0000     0.0000     -0.0000     1.0000     92
     -4939.1055     48347.7969     553.6758     -4939.1055     1.0000     0.0000     0.0000     -0.0000     1.0000     92
     -4970.2227     48365.7734     553.6758     -4970.2227     1.0000     0.0000     0.0000     -0.0000     1.0000     92
     -5001.3389     48383.8633     553.6758     -5001.3389     1.0000     0.0000     0.0000     -0.0000     1.0000     92
     -5032.4561     48402.0430     553.6758     -5032.4561     1.0000     0.0000     0.0000     -0.0000     1.0000     92
     -5063.5723     48420.2969     553.6758     -5063.5723     1.0000     0.0000     0.0000     -0.0000     1.0000     92
     -5094.6895     48438.6055     553.6758     -5094.6895     1.0000     0.0000     0.0000     -0.0000     1.0000     92
     -5125.8062     48456.9453     553.6758     -5125.8062     1.0000     0.0000     0.0000     -0.0000     1.0000     92
     -5156.9229     48475.3008     553.6758     -5156.9229     1.0000     0.0000     0.0000     -0.0000     1.0000     92
     -5188.0396     48493.6562     553.6758     -5188.0396     1.0000     0.0000     0.0000     -0.0000     1.0000     92
     -5219.1562     48511.9844     553.6758     -5219.1562     1.0000     0.0000     0.0000     -0.0000     1.0000     92
     -5250.2729     48530.2734     553.6758     -5250.2729     1.0000     0.0000     0.0000     -0.0000     1.0000     92
     -5281.3896     48548.5000     553.6758     -5281.3896     1.0000     0.0000     0.0000     -0.0000     1.0000     92
     -5312.5068     48566.6484     553.6758     -5312.5068     1.0000     0.0000     0.0000     -0.0000     1.0000     92
     -5343.6230     48584.6992     553.6758     -5343.6230     1.0000     0.0000     0.0000     -0.0000     1.0000     92
     -5374.7402     48602.6328     553.6758     -5374.7402     1.0000     0.0000     0.0000     -0.0000     1.0000     92
     -5405.8564     48620.4297     553.6758     -5405.8564     1.0000     0.0000     0.0000     -0.0000     1.0000     92
     -5436.9736     48638.0742     553.6758     -5436.9736     1.0000     0.0000     0.0000     -0.0000     1.0000     92
     -5468.0903     48655.5391     553.6758     -5468.0903     1.0000     0.0000     0.0000     -0.0000     1.0000     92
     -5499.2070     48672.8125     553.6758     -5499.2070     1.0000     0.0000     0.0000     -0.0000     1.0000     92
     -5530.3237     48689.8750     553.6758     -5530.3237     1.0000     0.0000     0.0000     -0.0000     1.0000     92
     -5561.4404     48706.7070     553.6758     -5561.4404     1.0000     0.0000     0.0000     -0.0000     1.0000     92
     -5592.5576     48723.2891     553.6758     -5592.5576     1.0000     0.0000     0.0000     -0.0000     1.0000     92
     -5623.6738     48739.6016     553.6758     -5623.6738     1.0000     0.0000     0.0000     -0.0000     1.0000     92
     -5654.7910     48755.6250     553.6758     -5654.7910     1.0000     0.0000     0.0000     -0.0000     1.0000     92
     -5685.9072     48771.3398     553.6758     -5685.9072     1.0000     0.0000     0.0000     -0.0000     1.0000     92
     -5717.0244     48786.7305     553.6758     -5717.0244     1.0000     0.0000     0.0000     -0.0000     1.0000     92
     -5748.1411     48801.7773     553.6758     -5748.1411     1.0000     0.0000     0.0000     -0.0000     1.0000     92
     -5779.2578     48816.4609     553.6758     -5779.2578     1.0000     0.0000     0.0000     -0.0000     1.0000     92
     -5810.3745     48830.7617     553.6758     -5810.3745     1.0000     0.0000     0.0000     -0.0000     1.0000     92
     -5841.4912     48844.6562     553.6758     -5841.4912     1.0000     0.0000     0.0000     -0.0000     1.0000     92
     -5872.6079     48858.1328     553.6758     -5872.6079     1.0000     0.0000     0.0000     -0.0000     1.0000     92
     -5903.7246     48871.1719     553.6758     -5903.7246     1.0000     0.0000     0.0000     -0.0000     1.0000     92
     -5934.8418     48883.7500     553.6758     -5934.8418     1.0000     0.0000     0.0000     -0.0000     1.0000     92
     -5965.9580     48895.8516     553.6758     -5965.9580     1.0000     0.0000     0.0000     -0.0000     1.0000     92
     -5997.0752     48907.4531     553.6758     -5997.0752     1.0000     0.0000     0.0000     -0.0000     1.0000     92
     -6028.1914     48918.5430     553.6758     -6028.1914     1.0000     0.0000     0.0000     -0.0000     1.0000     92
     -6059.3086     48929.0977     553.6758     -6059.3086     1.0000     0.0000     0.0000     -0.0000     1.0000     92
     -6090.4253     48939.0977     553.6758     -6090.4253     1.0000     0.0000     0.0000     -0.0000     1.0000     92
     -6121.5420     48948.5273     553.6758     -6121.5420     1.0000     0.0000     0.0000     -0.0000     1.0000     92
     -6152.6587     48957.3633     553.6758     -6152.6587     1.0000     0.0000     0.0000     -0.0000     1.0000     92
     -6183.7754     48965.5898     553.6758     -6183.7754     1.0000     0.0000     0.0000     -0.0000     1.0000     92
     -6214.8926     48973.1836     553.6758     -6214.8926     1.0000     0.0000     0.0000     -0.0000     1.0000     92
     -6246.0088     48980.1328     553.6758     -6246.0088     1.0000     0.0000     0.0000     -0.0000     1.0000     92
     -6277.1260     48986.4180     553.6758     -6277.1260     1.0000     0.0000     0.0000     -0.0000     1.0000     92
     -6308.2422     48992.0117     553.6758     -6308.2422     1.0000     0.0000     0.0000     -0.0000     1.0000     92
     -6339.3594     48996.8984     553.6758     -6339.3594     1.0000     0.0000     0.0000     -0.0000     1.0000     92
     -6370.4761     49001.0664     553.6758     -6370.4761     1.0000     0.0000     0.0000     -0.0000     1.0000     92
     -6401.5928     49004.4883     553.6758     -6401.5928     1.0000     0.0000     0.0000     -0.0000     1.0000     92
     -6432.7095     49007.1484     553.6758     -6432.7095     1.0000     0.0000     0.0000     -0.0000     1.0000     92
     -6463.8262     49009.0273     553.6758     -6463.8262     1.0000     0.0000     0.0000     -0.0000     1.0000     92
     -6494.9429     49010.1094     553.6758     -6494.9429     1.0000     0.0000     0.0000     -0.0000     1.0000     92
     -6526.0596     49010.3672     553.6758     -6526.0596     1.0000     0.0000     0.0000     -0.0000     1.0000     92
     -6557.1768     49009.7891     553.6758     -6557.1768     1.0000     0.0000     0.0000     -0.0000     1.0000     92
     -6588.2930     49008.3555     553.6758     -6588.2930     1.0000     0.0000     0.0000     -0.0000     1.0000     92
     -6619.4102     49006.0469     553.6758     -6619.4102     1.0000     0.0000     0.0000     -0.0000     1.0000     92
     -6650.5264     49002.8398     553.6758     -6650.5264     1.0000     0.0000     0.0000     -0.0000     1.0000     92
     -6681.6436     48998.7188     553.6758     -6681.6436     1.0000     0.0000     0.0000     -0.0000     1.0000     92
     -6712.7603     48993.6680     553.6758     -6712.7603     1.0000     0.0000     0.0000     -0.0000     1.0000     92
     -6743.8770     48987.6641     553.6758     -6743.8770     1.0000     0.0000     0.0000     -0.0000     1.0000     92
     -6774.9937     48980.6914     553.6758     -6774.9937     1.0000     0.0000     0.0000     -0.0000     1.0000     92
     -6806.1104     48972.7266     553.6758     -6806.1104     1.0000     0.0000     0.0000     -0.0000     1.0000     92
     -6837.2271     48963.7539     553.6758     -6837.2271     1.0000     0.0000     0.0000     -0.0000     1.0000     92
     -6868.3438     48953.7539     553.6758     -6868.3438     1.0000     0.0000     0.0000     -0.0000     1.0000     92
     -6899.4609     48942.7070     553.6758     -6899.4609     1.0000     0.0000     0.0000     -0.0000     1.0000     92
     -6930.5776     48930.5938     553.6758     -6930.5776     1.0000     0.0000     0.0000     -0.0000     1.0000     92
     -6961.6943     48917.3945     553.6758     -6961.6943     1.0000     0.0000     0.0000     -0.0000     1.0000     92
     -6992.8110     48903.0938     553.6758     -6992.8110     1.0000     0.0000     0.0000     -0.0000     1.0000     92
     -7023.9277     48887.6719     553.6758     -7023.9277     1.0000     0.0000     0.0000     -0.0000     1.0000     92
     -7055.0444     48871.1094     553.6758     -7055.0444     1.0000     0.0000     0.0000     -0.0000     1.0000     92
     -7086.1611     48853.3828     553.6758     -7086.1611     1.0000     0.0000     0.0000     -0.0000     1.0000     92
     -7117.2778     48834.4805     553.6758     -7117.2778     1.0000     0.0000     0.0000     -0.0000     1.0000     92
     -7148.3945     48814.3750     553.6758     -7148.3945     1.0000     0.0000     0.0000     -0.0000     1.0000     92
     -7179.5112     48793.0586     553.6758     -7179.5112     1.0000     0.0000     0.0000     -0.0000     1.0000     92
     -7210.6279     48770.5000     553.6758     -7210.6279     1.0000     0.0000     0.0000     -0.0000     1.0000     92
     -7241.7451     48746.6914     553.6758     -7241.7451     1.0000     0.0000     0.0000     -0.0000     1.0000     92
     -7241.7485     48746.6875     553.6758     -7241.7485     1.0000     0.0000     0.0000     -0.0000     1.0000     92
     -7272.4517     48722.2422     553.6758     -7272.4517     1.0000     0.0000     0.0000     -0.0000     1.0000     92
     -7302.3335     48697.7969     553.6758     -7302.3335     1.0000     0.0000     0.0000     -0.0000     1.0000     92
     -7331.4023     48673.3516     553.6758     -7331.4023     1.0000     0.0000     0.0000     -0.0000     1.0000     92
     -7359.6660     48648.9062     553.6758     -7359.6660     1.0000     0.0000     0.0000     -0.0000     1.0000     92
     -7387.1328     48624.4609     553.6758     -7387.1328     1.0000     0.0000     0.0000     -0.0000     1.0000     92
     -7413.8120     48600.0156     553.6758     -7413.8120     1.0000     0.0000     0.0000     -0.0000     1.0000     92
     -7439.7109     48575.5703     553.6758     -7439.7109     1.0000     0.0000     0.0000     -0.0000     1.0000     92
     -7464.8379     48551.1250     553.6758     -7464.8379     1.0000     0.0000     0.0000     -0.0000     1.0000     92
     -7489.2017     48526.6797     553.6758     -7489.2017     1.0000     0.0000     0.0000     -0.0000     1.0000     92
     -7512.8101     48502.2383     553.6758     -7512.8101     1.0000     0.0000     0.0000     -0.0000     1.0000     92
     -7535.6719     48477.7930     553.6758     -7535.6719     1.0000     0.0000     0.0000     -0.0000     1.0000     92
     -7557.7954     48453.3477     553.6758     -7557.7954     1.0000     0.0000     0.0000     -0.0000     1.0000     92
     -7579.1885     48428.9023     553.6758     -7579.1885     1.0000     0.0000     0.0000     -0.0000     1.0000     92
     -7599.8599     48404.4570     553.6758     -7599.8599     1.0000     0.0000     0.0000     -0.0000     1.0000     92
     -7619.8174     48380.0117     553.6758     -7619.8174     1.0000     0.0000     0.0000     -0.0000     1.0000     92
     -7639.0698     48355.5664     553.6758     -7639.0698     1.0000     0.0000     0.0000     -0.0000     1.0000     92
     -7657.6250     48331.1211     553.6758     -7657.6250     1.0000     0.0000     0.0000     -0.0000     1.0000     92
     -7675.4917     48306.6758     553.6758     -7675.4917     1.0000     0.0000     0.0000     -0.0000     1.0000     92
     -7692.6777     48282.2305     553.6758     -7692.6777     1.0000     0.0000     0.0000     -0.0000     1.0000     92
     -7709.1919     48257.7852     553.6758     -7709.1919     1.0000     0.0000     0.0000     -0.0000     1.0000     92
     -7725.0420     48233.3398     553.6758     -7725.0420     1.0000     0.0000     0.0000     -0.0000     1.0000     92
     -7740.2363     48208.8945     553.6758     -7740.2363     1.0000     0.0000     0.0000     -0.0000     1.0000     92
     -7754.7842     48184.4492     553.6758     -7754.7842     1.0000     0.0000     0.0000     -0.0000     1.0000     92
     -7768.6924     48160.0039     553.6758     -7768.6924     1.0000     0.0000     0.0000     -0.0000     1.0000     92
     -7781.9702     48135.5586     553.6758     -7781.9702     1.0000     0.0000     0.0000     -0.0000     1.0000     92
     -7794.6260     48111.1133     553.6758     -7794.6260     1.0000     0.0000     0.0000     -0.0000     1.0000     92
     -7806.6675     48086.6680     553.6758     -7806.6675     1.0000     0.0000     0.0000     -0.0000     1.0000     92
     -7818.1030     48062.2266     553.6758     -7818.1030     1.0000     0.0000     0.0000     -0.0000     1.0000     92
     -7828.9414     48037.7812     553.6758     -7828.9414     1.0000     0.0000     0.0000     -0.0000     1.0000     92
     -7839.1904     48013.3359     553.6758     -7839.1904     1.0000     0.0000     0.0000     -0.0000     1.0000     92
     -7848.8589     47988.8906     553.6758     -7848.8589     1.0000     0.0000     0.0000     -0.0000     1.0000     92
     -7857.9546     47964.4453     553.6758     -7857.9546     1.0000     0.0000     0.0000     -0.0000     1.0000     92
     -7866.4863     47940.0000     553.6758     -7866.4863     1.0000     0.0000     0.0000     -0.0000     1.0000     92
     -7874.4619     47915.5547     553.6758     -7874.4619     1.0000     0.0000     0.0000     -0.0000     1.0000     92
     -7881.8896     47891.1094     553.6758     -7881.8896     1.0000     0.0000     0.0000     -0.0000     1.0000     92
     -7888.7783     47866.6641     553.6758     -7888.7783     1.0000     0.0000     0.0000     -0.0000     1.0000     92
     -7895.1357     47842.2188     553.6758     -7895.1357     1.0000     0.0000     0.0000     -0.0000     1.0000     92
     -7900.9707     47817.7734     553.6758     -7900.9707     1.0000     0.0000     0.0000     -0.0000     1.0000     92
     -7906.2910     47793.3281     553.6758     -7906.2910     1.0000     0.0000     0.0000     -0.0000     1.0000     92
     -7911.1050     47768.8828     553.6758     -7911.1050     1.0000     0.0000     0.0000     -0.0000     1.0000     92
     -7915.4214     47744.4375     553.6758     -7915.4214     1.0000     0.0000     0.0000     -0.0000     1.0000     92
     -7919.2480     47719.9922     553.6758     -7919.2480     1.0000     0.0000     0.0000     -0.0000     1.0000     92
     -7922.5933     47695.5469     553.6758     -7922.5933     1.0000     0.0000     0.0000     -0.0000     1.0000     92
     -7925.4658     47671.1016     553.6758     -7925.4658     1.0000     0.0000     0.0000     -0.0000     1.0000     92
     -7927.8735     47646.6602     553.6758     -7927.8735     1.0000     0.0000     0.0000     -0.0000     1.0000     92
     -7929.8247     47622.2148     553.6758     -7929.8247     1.0000     0.0000     0.0000     -0.0000     1.0000     92
     -7931.3281     47597.7695     553.6758     -7931.3281     1.0000     0.0000     0.0000     -0.0000     1.0000     92
     -7932.3916     47573.3242     553.6758     -7932.3916     1.0000     0.0000     0.0000     -0.0000     1.0000     92
     -7933.0234     47548.8789     553.6758     -7933.0234     1.0000     0.0000     0.0000     -0.0000     1.0000     92
     -7933.2324     47524.4336     553.6758     -7933.2324     1.0000     0.0000     0.0000     -0.0000     1.0000     92
     -7933.0264     47499.9883     553.6758     -7933.0264     1.0000     0.0000     0.0000     -0.0000     1.0000     92
     -7932.4141     47475.5430     553.6758     -7932.4141     1.0000     0.0000     0.0000     -0.0000     1.0000     92
     -7931.4028     47451.0977     553.6758     -7931.4028     1.0000     0.0000     0.0000     -0.0000     1.0000     92
     -7930.0020     47426.6523     553.6758     -7930.0020     1.0000     0.0000     0.0000     -0.0000     1.0000     92
     -7928.2192     47402.2070     553.6758     -7928.2192     1.0000     0.0000     0.0000     -0.0000     1.0000     92
     -7926.0635     47377.7617     553.6758     -7926.0635     1.0000     0.0000     0.0000     -0.0000     1.0000     92
     -7923.5420     47353.3164     553.6758     -7923.5420     1.0000     0.0000     0.0000     -0.0000     1.0000     92
     -7920.6641     47328.8711     553.6758     -7920.6641     1.0000     0.0000     0.0000     -0.0000     1.0000     92
     -7917.4375     47304.4258     553.6758     -7917.4375     1.0000     0.0000     0.0000     -0.0000     1.0000     92
     -7913.8711     47279.9805     553.6758     -7913.8711     1.0000     0.0000     0.0000     -0.0000     1.0000     92
     -7909.9727     47255.5352     553.6758     -7909.9727     1.0000     0.0000     0.0000     -0.0000     1.0000     92
     -7905.7500     47231.0938     553.6758     -7905.7500     1.0000     0.0000     0.0000     -0.0000     1.0000     92
     -7901.2129     47206.6484     553.6758     -7901.2129     1.0000     0.0000     0.0000     -0.0000     1.0000     92
     -7896.3682     47182.2031     553.6758     -7896.3682     1.0000     0.0000     0.0000     -0.0000     1.0000     92
     -7891.2251     47157.7578     553.6758     -7891.2251     1.0000     0.0000     0.0000     -0.0000     1.0000     92
     -7885.7915     47133.3125     553.6758     -7885.7915     1.0000     0.0000     0.0000     -0.0000     1.0000     92
     -7880.0757     47108.8672     553.6758     -7880.0757     1.0000     0.0000     0.0000     -0.0000     1.0000     92
     -7874.0859     47084.4219     553.6758     -7874.0859     1.0000     0.0000     0.0000     -0.0000     1.0000     92
     -7867.8311     47059.9766     553.6758     -7867.8311     1.0000     0.0000     0.0000     -0.0000     1.0000     92
     -7861.3184     47035.5312     553.6758     -7861.3184     1.0000     0.0000     0.0000     -0.0000     1.0000     92
     -7854.5571     47011.0859     553.6758     -7854.5571     1.0000     0.0000     0.0000     -0.0000     1.0000     92
     -7847.5552     46986.6406     553.6758     -7847.5552     1.0000     0.0000     0.0000     -0.0000     1.0000     92
     -7840.3208     46962.1953     553.6758     -7840.3208     1.0000     0.0000     0.0000     -0.0000     1.0000     92
     -7832.8623     46937.7500     553.6758     -7832.8623     1.0000     0.0000     0.0000     -0.0000     1.0000     92
     -7825.1885     46913.3047     553.6758     -7825.1885     1.0000     0.0000     0.0000     -0.0000     1.0000     92
     -7817.3071     46888.8594     553.6758     -7817.3071     1.0000     0.0000     0.0000     -0.0000     1.0000     92
     -7809.2266     46864.4141     553.6758     -7809.2266     1.0000     0.0000     0.0000     -0.0000     1.0000     92
     -7800.9551     46839.9688     553.6758     -7800.9551     1.0000     0.0000     0.0000     -0.0000     1.0000     92
     -7792.5010     46815.5273     553.6758     -7792.5010     1.0000     0.0000     0.0000     -0.0000     1.0000     92
     -7783.8721     46791.0820     553.6758     -7783.8721     1.0000     0.0000     0.0000     -0.0000     1.0000     92
     -7775.0781     46766.6367     553.6758     -7775.0781     1.0000     0.0000     0.0000     -0.0000     1.0000     92
     -7766.1260     46742.1914     553.6758     -7766.1260     1.0000     0.0000     0.0000     -0.0000     1.0000     92
     -7757.0249     46717.7461     553.6758     -7757.0249     1.0000     0.0000     0.0000     -0.0000     1.0000     92
     -7747.7822     46693.3008     553.6758     -7747.7822     1.0000     0.0000     0.0000     -0.0000     1.0000     92
     -7738.4072     46668.8555     553.6758     -7738.4072     1.0000     0.0000     0.0000     -0.0000     1.0000     92
     -7728.9077     46644.4102     553.6758     -7728.9077     1.0000     0.0000     0.0000     -0.0000     1.0000     92
     -7719.2920     46619.9648     553.6758     -7719.2920     1.0000     0.0000     0.0000     -0.0000     1.0000     92
     -7709.5684     46595.5195     553.6758     -7709.5684     1.0000     0.0000     0.0000     -0.0000     1.0000     92
     -7699.7451     46571.0742     553.6758     -7699.7451     1.0000     0.0000     0.0000     -0.0000     1.0000     92
     -7689.8306     46546.6289     553.6758     -7689.8306     1.0000     0.0000     0.0000     -0.0000     1.0000     92
     -7679.8330     46522.1836     553.6758     -7679.8330     1.0000     0.0000     0.0000     -0.0000     1.0000     92
     -7669.7612     46497.7383     553.6758     -7669.7612     1.0000     0.0000     0.0000     -0.0000     1.0000     92
     -7659.6230     46473.2930     553.6758     -7659.6230     1.0000     0.0000     0.0000     -0.0000     1.0000     92
     -7649.4258     46448.8477     553.6758     -7649.4258     1.0000     0.0000     0.0000     -0.0000     1.0000     92
     -7639.1797     46424.4023     553.6758     -7639.1797     1.0000     0.0000     0.0000     -0.0000     1.0000     92
     -7628.8916     46399.9609     553.6758     -7628.8916     1.0000     0.0000     0.0000     -0.0000     1.0000     92
     -7618.5703     46375.5156     553.6758     -7618.5703     1.0000     0.0000     0.0000     -0.0000     1.0000     92
     -7608.2246     46351.0703     553.6758     -7608.2246     1.0000     0.0000     0.0000     -0.0000     1.0000     92
     -7597.8623     46326.6250     553.6758     -7597.8623     1.0000     0.0000     0.0000     -0.0000     1.0000     92
     -7587.4912     46302.1797     553.6758     -7587.4912     1.0000     0.0000     0.0000     -0.0000     1.0000     92
     -7577.1201     46277.7344     553.6758     -7577.1201     1.0000     0.0000     0.0000     -0.0000     1.0000     92
     -7566.7578     46253.2891     553.6758     -7566.7578     1.0000     0.0000     0.0000     -0.0000     1.0000     92
     -7556.4116     46228.8438     553.6758     -7556.4116     1.0000     0.0000     0.0000     -0.0000     1.0000     92
     -7546.0908     46204.3984     553.6758     -7546.0908     1.0000     0.0000     0.0000     -0.0000     1.0000     92
     -7535.8027     46179.9531     553.6758     -7535.8027     1.0000     0.0000     0.0000     -0.0000     1.0000     92
     -7525.5562     46155.5078     553.6758     -7525.5562     1.0000     0.0000     0.0000     -0.0000     1.0000     92
     -7515.3594     46131.0625     553.6758     -7515.3594     1.0000     0.0000     0.0000     -0.0000     1.0000     92
     -7505.2207     46106.6172     553.6758     -7505.2207     1.0000     0.0000     0.0000     -0.0000     1.0000     92
     -7495.1494     46082.1719     553.6758     -7495.1494     1.0000     0.0000     0.0000     -0.0000     1.0000     92
     -7485.1514     46057.7266     553.6758     -7485.1514     1.0000     0.0000     0.0000     -0.0000     1.0000     92
     -7475.2373     46033.2812     553.6758     -7475.2373     1.0000     0.0000     0.0000     -0.0000     1.0000     92
     -7465.4141     46008.8359     553.6758     -7465.4141     1.0000     0.0000     0.0000     -0.0000     1.0000     92
     -7455.6904     45984.3945     553.6758     -7455.6904     1.0000     0.0000     0.0000     -0.0000     1.0000     92
     -7446.0747     45959.9492     553.6758     -7446.0747     1.0000     0.0000     0.0000     -0.0000     1.0000     92
     -7436.5747     45935.5039     553.6758     -7436.5747     1.0000     0.0000     0.0000     -0.0000     1.0000     92
     -7427.2002     45911.0586     553.6758     -7427.2002     1.0000     0.0000     0.0000     -0.0000     1.0000     92
     -7417.9580     45886.6133     553.6758     -7417.9580     1.0000     0.0000     0.0000     -0.0000     1.0000     92
     -7408.8560     45862.1680     553.6758     -7408.8560     1.0000     0.0000     0.0000     -0.0000     1.0000     92
     -7399.9043     45837.7227     553.6758     -7399.9043     1.0000     0.0000     0.0000     -0.0000     1.0000     92
     -7391.1099     45813.2773     553.6758     -7391.1099     1.0000     0.0000     0.0000     -0.0000     1.0000     92
     -7382.4814     45788.8320     553.6758     -7382.4814     1.0000     0.0000     0.0000     -0.0000     1.0000     92
     -7374.0273     45764.3867     553.6758     -7374.0273     1.0000     0.0000     0.0000     -0.0000     1.0000     92
     -7365.7559     45739.9414     553.6758     -7365.7559     1.0000     0.0000     0.0000     -0.0000     1.0000     92
     -7357.6748     45715.4961     553.6758     -7357.6748     1.0000     0.0000     0.0000     -0.0000     1.0000     92
     -7349.7935     45691.0508     553.6758     -7349.7935     1.0000     0.0000     0.0000     -0.0000     1.0000     92
     -7342.1196     45666.6055     553.6758     -7342.1196     1.0000     0.0000     0.0000     -0.0000     1.0000     92
     -7334.6611     45642.1602     553.6758     -7334.6611     1.0000     0.0000     0.0000     -0.0000     1.0000     92
     -7327.4268     45617.7148     553.6758     -7327.4268     1.0000     0.0000     0.0000     -0.0000     1.0000     92
     -7320.4248     45593.2734     553.6758     -7320.4248     1.0000     0.0000     0.0000     -0.0000     1.0000     92
     -7313.6636     45568.8281     553.6758     -7313.6636     1.0000     0.0000     0.0000     -0.0000     1.0000     92
     -7307.1514     45544.3828     553.6758     -7307.1514     1.0000     0.0000     0.0000     -0.0000     1.0000     92
     -7300.8960     45519.9375     553.6758     -7300.8960     1.0000     0.0000     0.0000     -0.0000     1.0000     92
     -7294.9062     45495.4922     553.6758     -7294.9062     1.0000     0.0000     0.0000     -0.0000     1.0000     92
     -7289.1904     45471.0469     553.6758     -7289.1904     1.0000     0.0000     0.0000     -0.0000     1.0000     92
     -7283.7563     45446.6016     553.6758     -7283.7563     1.0000     0.0000     0.0000     -0.0000     1.0000     92
     -7278.6133     45422.1562     553.6758     -7278.6133     1.0000     0.0000     0.0000     -0.0000     1.0000     92
     -7273.7681     45397.7109     553.6758     -7273.7681     1.0000     0.0000     0.0000     -0.0000     1.0000     92
     -7269.2314     45373.2656     553.6758     -7269.2314     1.0000     0.0000     0.0000     -0.0000     1.0000     92
     -7265.0098     45348.8203     553.6758     -7265.0098     1.0000     0.0000     0.0000     -0.0000     1.0000     92
     -7261.1108     45324.3750     553.6758     -7261.1108     1.0000     0.0000     0.0000     -0.0000     1.0000     92
     -7257.5439     45299.9297     553.6758     -7257.5439     1.0000     0.0000     0.0000     -0.0000     1.0000     92
     -7254.3169     45275.4844     553.6758     -7254.3169     1.0000     0.0000     0.0000     -0.0000     1.0000     92
     -7251.4395     45251.0391     553.6758     -7251.4395     1.0000     0.0000     0.0000     -0.0000     1.0000     92
     -7248.9185     45226.5938     553.6758     -7248.9185     1.0000     0.0000     0.0000     -0.0000     1.0000     92
     -7246.7617     45202.1484     553.6758     -7246.7617     1.0000     0.0000     0.0000     -0.0000     1.0000     92
     -7244.9795     45177.7031     553.6758     -7244.9795     1.0000     0.0000     0.0000     -0.0000     1.0000     92
     -7243.5786     45153.2617     553.6758     -7243.5786     1.0000     0.0000     0.0000     -0.0000     1.0000     92
     -7242.5674     45128.8164     553.6758     -7242.5674     1.0000     0.0000     0.0000     -0.0000     1.0000     92
     -7241.9546     45104.3711     553.6758     -7241.9546     1.0000     0.0000     0.0000     -0.0000     1.0000     92
     -7241.7490     45079.9258     553.6758     -7241.7490     1.0000     0.0000     0.0000     -0.0000     1.0000     92